%%
% 上海市高校的距离数据，共选择10所高校记录经纬度(N,E)
% 31.281545, 121.504175 四平
% 31.282835, 121.212762 嘉定
% 31.269500, 121.390787 沪西
% 31.260882, 121.459690 沪北
% 31.198164, 121.431360 交大徐汇
% 31.025406, 121.436934 交大闵行
%%
X = [31.281545, 121.504175;
    31.282835, 121.212762;
    31.269500, 121.390787;
    31.260882, 121.459690;
    31.198164, 121.431360;
    31.025406, 121.436934];
