%%
% 上海市高校的距离数据，共选择10所高校记录经纬度(N,E)
% 31.281545, 121.504175 四平
% 31.282835, 121.212762 嘉定
% 31.269500, 121.390787 沪西
% 31.260882, 121.459690 沪北
% 31.198164, 121.431360 交大徐汇
% 31.025406, 121.436934 交大闵行
%%
X = [31.281545, 121.504175;
    31.282835, 121.212762;
    31.269500, 121.390787;
    31.260882, 121.459690;
    31.198164, 121.431360;
    31.025406, 121.436934];
% %%
% axesm utm
% Z=utmzone(X);
% setm(gca,'zone',Z);
% h = getm(gca);
% R=zeros(size(X));
% for i=1:length(X)
%     [x,y]= mfwdtran(h,X(i,1),X(i,2));
%     R(i,:)=[x;y];
% end
% figure
% plot(R(:,1),R(:,2),'ro','linewidth',6)
